A_bkg 1.00 -0.16 -0.04 0.04 -0.03 -0.04 -0.02 0.03 0.02 -0.03 -0.03 0.01 0.01 -0.02 -0.03 -0.02 -0.01 -0.04 0.03 0.03 0.04 0.02 
A_sigD_blind -0.16 1.00 0.00 -0.00 0.01 0.00 -0.01 -0.01 -0.00 0.01 0.01 -0.00 -0.02 0.01 0.02 0.01 0.00 0.01 -0.01 -0.01 -0.01 -0.01 
N_B -0.04 0.00 1.00 -0.98 0.50 0.86 0.73 -0.37 -0.46 0.29 0.43 0.02 0.33 0.07 0.01 -0.12 -0.12 0.56 -0.38 -0.41 -0.50 0.03 
N_S 0.04 -0.00 -0.98 1.00 -0.50 -0.85 -0.72 0.37 0.45 -0.29 -0.43 -0.02 -0.33 -0.07 -0.01 0.12 0.12 -0.56 0.38 0.41 0.50 -0.03 
b -0.03 0.01 0.50 -0.50 1.00 0.83 0.07 -0.35 -0.23 0.46 0.60 -0.31 -0.04 0.43 0.42 0.17 0.16 0.56 -0.37 -0.42 -0.44 -0.36 
c -0.04 0.00 0.86 -0.85 0.83 1.00 0.48 -0.34 -0.32 0.37 0.47 -0.13 0.16 0.23 0.18 0.05 0.05 0.54 -0.36 -0.41 -0.47 -0.14 
delta_j -0.02 -0.01 0.73 -0.72 0.07 0.48 1.00 -0.04 -0.42 -0.36 -0.05 0.54 0.54 -0.56 -0.59 -0.67 -0.67 0.12 0.00 0.04 0.02 0.68 
frac_g1 0.03 -0.01 -0.37 0.37 -0.35 -0.34 -0.04 1.00 0.76 -0.64 -0.69 0.34 -0.29 -0.42 -0.38 -0.02 -0.00 -0.75 0.99 0.96 0.85 0.46 
frac_g2 0.02 -0.00 -0.46 0.45 -0.23 -0.32 -0.42 0.76 1.00 -0.30 -0.56 -0.02 -0.52 -0.04 0.03 0.45 0.46 -0.67 0.71 0.74 0.67 0.01 
frac_j -0.03 0.01 0.29 -0.29 0.46 0.37 -0.36 -0.64 -0.30 1.00 0.82 -0.72 -0.18 0.89 0.85 0.66 0.65 0.78 -0.70 -0.81 -0.89 -0.92 
gamma_j -0.03 0.01 0.43 -0.43 0.60 0.47 -0.05 -0.69 -0.56 0.82 1.00 -0.52 -0.01 0.72 0.68 0.20 0.18 0.97 -0.72 -0.81 -0.82 -0.63 
mean_g1 0.01 -0.00 0.02 -0.02 -0.31 -0.13 0.54 0.34 -0.02 -0.72 -0.52 1.00 0.35 -0.89 -0.76 -0.60 -0.62 -0.44 0.40 0.47 0.50 0.79 
mean_g1b 0.01 -0.02 0.33 -0.33 -0.04 0.16 0.54 -0.29 -0.52 -0.18 -0.01 0.35 1.00 -0.39 -0.60 -0.49 -0.45 0.11 -0.24 -0.19 -0.15 0.38 
mean_g2 -0.02 0.01 0.07 -0.07 0.43 0.23 -0.56 -0.42 -0.04 0.89 0.72 -0.89 -0.39 1.00 0.92 0.69 0.70 0.63 -0.49 -0.60 -0.65 -0.93 
mean_g2b -0.03 0.02 0.01 -0.01 0.42 0.18 -0.59 -0.38 0.03 0.85 0.68 -0.76 -0.60 0.92 1.00 0.70 0.67 0.58 -0.44 -0.54 -0.58 -0.91 
mean_g3 -0.02 0.01 -0.12 0.12 0.17 0.05 -0.67 -0.02 0.45 0.66 0.20 -0.60 -0.49 0.69 0.70 1.00 0.99 0.08 -0.09 -0.19 -0.32 -0.83 
mean_g3b -0.01 0.00 -0.12 0.12 0.16 0.05 -0.67 -0.00 0.46 0.65 0.18 -0.62 -0.45 0.70 0.67 0.99 1.00 0.07 -0.08 -0.18 -0.31 -0.82 
mean_j -0.04 0.01 0.56 -0.56 0.56 0.54 0.12 -0.75 -0.67 0.78 0.97 -0.44 0.11 0.63 0.58 0.08 0.07 1.00 -0.77 -0.85 -0.87 -0.53 
sigma_1 0.03 -0.01 -0.38 0.38 -0.37 -0.36 0.00 0.99 0.71 -0.70 -0.72 0.40 -0.24 -0.49 -0.44 -0.09 -0.08 -0.77 1.00 0.96 0.87 0.52 
sigma_2 0.03 -0.01 -0.41 0.41 -0.42 -0.41 0.04 0.96 0.74 -0.81 -0.81 0.47 -0.19 -0.60 -0.54 -0.19 -0.18 -0.85 0.96 1.00 0.95 0.62 
sigma_3 0.04 -0.01 -0.50 0.50 -0.44 -0.47 0.02 0.85 0.67 -0.89 -0.82 0.50 -0.15 -0.65 -0.58 -0.32 -0.31 -0.87 0.87 0.95 1.00 0.68 
sigma_j 0.02 -0.01 0.03 -0.03 -0.36 -0.14 0.68 0.46 0.01 -0.92 -0.63 0.79 0.38 -0.93 -0.91 -0.83 -0.82 -0.53 0.52 0.62 0.68 1.00 
