A_bkg 1.00 -0.18 -0.01 0.01 -0.02 -0.03 0.05 -0.11 -0.14 -0.07 0.00 0.09 0.06 -0.05 -0.08 -0.17 -0.15 0.01 -0.10 -0.08 0.07 0.09 
A_sigD_blind -0.18 1.00 0.01 -0.01 0.01 0.01 -0.03 0.07 0.08 0.04 -0.00 -0.05 -0.04 0.03 0.05 0.10 0.09 -0.01 0.06 0.05 -0.04 -0.05 
N_B -0.01 0.01 1.00 -0.96 0.40 0.82 0.78 0.03 -0.04 0.36 0.48 0.05 -0.02 0.19 0.24 0.01 -0.01 0.54 -0.03 -0.13 -0.37 -0.02 
N_S 0.01 -0.01 -0.96 1.00 -0.39 -0.80 -0.77 -0.03 0.04 -0.35 -0.47 -0.04 0.02 -0.19 -0.24 -0.01 0.01 -0.53 0.02 0.13 0.37 0.02 
b -0.02 0.01 0.40 -0.39 1.00 0.79 0.03 -0.08 -0.03 0.47 0.58 -0.22 -0.37 0.49 0.49 0.06 0.06 0.51 -0.11 -0.28 -0.38 -0.42 
c -0.03 0.01 0.82 -0.80 0.79 1.00 0.49 0.03 0.04 0.38 0.46 -0.09 -0.15 0.31 0.33 0.10 0.09 0.48 -0.02 -0.13 -0.36 -0.18 
delta_j 0.05 -0.03 0.78 -0.77 0.03 0.49 1.00 -0.06 -0.32 -0.16 0.12 0.45 0.44 -0.34 -0.29 -0.39 -0.41 0.24 -0.07 -0.01 0.09 0.55 
frac_g1 -0.11 0.07 0.03 -0.03 -0.08 0.03 -0.06 1.00 0.73 -0.05 -0.25 -0.56 0.11 0.06 0.15 0.71 0.68 -0.30 0.99 0.90 0.16 -0.04 
frac_g2 -0.14 0.08 -0.04 0.04 -0.03 0.04 -0.32 0.73 1.00 0.12 -0.26 -0.68 -0.18 0.28 0.28 0.95 0.95 -0.34 0.68 0.69 -0.02 -0.32 
frac_j -0.07 0.04 0.36 -0.35 0.47 0.38 -0.16 -0.05 0.12 1.00 0.85 -0.45 -0.72 0.87 0.90 0.35 0.35 0.83 -0.13 -0.46 -0.93 -0.90 
gamma_j 0.00 -0.00 0.48 -0.47 0.58 0.46 0.12 -0.25 -0.26 0.85 1.00 -0.19 -0.54 0.74 0.76 -0.08 -0.08 0.98 -0.31 -0.60 -0.73 -0.63 
mean_g1 0.09 -0.05 0.05 -0.04 -0.22 -0.09 0.45 -0.56 -0.68 -0.45 -0.19 1.00 0.49 -0.73 -0.65 -0.72 -0.73 -0.09 -0.51 -0.34 0.25 0.63 
mean_g1b 0.06 -0.04 -0.02 0.02 -0.37 -0.15 0.44 0.11 -0.18 -0.72 -0.54 0.49 1.00 -0.77 -0.84 -0.32 -0.32 -0.49 0.16 0.38 0.60 0.80 
mean_g2 -0.05 0.03 0.19 -0.19 0.49 0.31 -0.34 0.06 0.28 0.87 0.74 -0.73 -0.77 1.00 0.94 0.41 0.43 0.67 -0.01 -0.29 -0.68 -0.89 
mean_g2b -0.08 0.05 0.24 -0.24 0.49 0.33 -0.29 0.15 0.28 0.90 0.76 -0.65 -0.84 0.94 1.00 0.45 0.45 0.70 0.08 -0.24 -0.72 -0.89 
mean_g3 -0.17 0.10 0.01 -0.01 0.06 0.10 -0.39 0.71 0.95 0.35 -0.08 -0.72 -0.32 0.41 0.45 1.00 0.99 -0.16 0.65 0.55 -0.29 -0.54 
mean_g3b -0.15 0.09 -0.01 0.01 0.06 0.09 -0.41 0.68 0.95 0.35 -0.08 -0.73 -0.32 0.43 0.45 0.99 1.00 -0.16 0.63 0.53 -0.29 -0.55 
mean_j 0.01 -0.01 0.54 -0.53 0.51 0.48 0.24 -0.30 -0.34 0.83 0.98 -0.09 -0.49 0.67 0.70 -0.16 -0.16 1.00 -0.36 -0.64 -0.76 -0.56 
sigma_1 -0.10 0.06 -0.03 0.02 -0.11 -0.02 -0.07 0.99 0.68 -0.13 -0.31 -0.51 0.16 -0.01 0.08 0.65 0.63 -0.36 1.00 0.90 0.22 0.02 
sigma_2 -0.08 0.05 -0.13 0.13 -0.28 -0.13 -0.01 0.90 0.69 -0.46 -0.60 -0.34 0.38 -0.29 -0.24 0.55 0.53 -0.64 0.90 1.00 0.53 0.32 
sigma_3 0.07 -0.04 -0.37 0.37 -0.38 -0.36 0.09 0.16 -0.02 -0.93 -0.73 0.25 0.60 -0.68 -0.72 -0.29 -0.29 -0.76 0.22 0.53 1.00 0.81 
sigma_j 0.09 -0.05 -0.02 0.02 -0.42 -0.18 0.55 -0.04 -0.32 -0.90 -0.63 0.63 0.80 -0.89 -0.89 -0.54 -0.55 -0.56 0.02 0.32 0.81 1.00 
