A_bkg 1.00 -0.20 -0.14 0.14 0.11 -0.05 -0.14 -0.01 0.05 -0.04 0.07 0.01 -0.01 -0.13 -0.11 0.02 0.05 0.07 0.01 0.12 -0.02 -0.04 
A_sigD_blind -0.20 1.00 0.05 -0.05 -0.06 0.01 0.05 -0.01 -0.04 0.02 -0.05 0.00 0.01 0.08 0.07 -0.01 -0.04 -0.06 0.01 -0.05 0.03 0.01 
N_B -0.14 0.05 1.00 -0.99 -0.54 0.50 0.93 0.20 -0.07 0.23 -0.06 -0.10 -0.08 0.46 0.44 0.01 -0.13 -0.07 -0.24 -0.67 -0.12 0.31 
N_S 0.14 -0.05 -0.99 1.00 0.55 -0.50 -0.93 -0.20 0.07 -0.23 0.05 0.10 0.08 -0.46 -0.44 -0.01 0.13 0.07 0.24 0.67 0.12 -0.31 
b 0.11 -0.06 -0.54 0.55 1.00 0.38 -0.67 -0.19 0.06 -0.17 0.41 0.18 0.15 -0.47 -0.45 0.01 0.18 0.27 0.20 0.67 0.05 -0.34 
c -0.05 0.01 0.50 -0.50 0.38 1.00 0.28 -0.10 -0.15 0.10 0.10 0.17 0.17 0.17 0.18 -0.14 -0.11 -0.03 0.01 -0.07 0.08 -0.08 
delta_j -0.14 0.05 0.93 -0.93 -0.67 0.28 1.00 0.42 0.12 0.03 -0.08 -0.39 -0.36 0.34 0.31 0.25 0.03 0.02 -0.32 -0.74 -0.28 0.58 
frac_g1 -0.01 -0.01 0.20 -0.20 -0.19 -0.10 0.42 1.00 0.86 -0.41 0.24 -0.85 -0.87 -0.43 -0.46 0.50 0.14 0.45 -0.75 -0.40 -0.93 0.68 
frac_g2 0.05 -0.04 -0.07 0.07 0.06 -0.15 0.12 0.86 1.00 -0.33 0.44 -0.74 -0.77 -0.75 -0.76 0.49 0.19 0.66 -0.81 -0.27 -0.93 0.46 
frac_j -0.04 0.02 0.23 -0.23 -0.17 0.10 0.03 -0.41 -0.33 1.00 0.09 0.73 0.73 0.36 0.39 -0.65 -0.54 -0.06 -0.16 -0.32 0.20 -0.75 
gamma_j 0.07 -0.05 -0.06 0.05 0.41 0.10 -0.08 0.24 0.44 0.09 1.00 -0.12 -0.16 -0.68 -0.67 0.39 0.44 0.91 -0.25 0.24 -0.48 -0.06 
mean_g1 0.01 0.00 -0.10 0.10 0.18 0.17 -0.39 -0.85 -0.74 0.73 -0.12 1.00 0.99 0.44 0.49 -0.80 -0.47 -0.37 0.41 0.26 0.70 -0.92 
mean_g1b -0.01 0.01 -0.08 0.08 0.15 0.17 -0.36 -0.87 -0.77 0.73 -0.16 0.99 1.00 0.49 0.52 -0.77 -0.50 -0.41 0.44 0.23 0.73 -0.90 
mean_g2 -0.13 0.08 0.46 -0.46 -0.47 0.17 0.34 -0.43 -0.75 0.36 -0.68 0.44 0.49 1.00 0.99 -0.53 -0.49 -0.83 0.33 -0.35 0.60 -0.18 
mean_g2b -0.11 0.07 0.44 -0.44 -0.45 0.18 0.31 -0.46 -0.76 0.39 -0.67 0.49 0.52 0.99 1.00 -0.58 -0.50 -0.84 0.33 -0.33 0.62 -0.23 
mean_g3 0.02 -0.01 0.01 -0.01 0.01 -0.14 0.25 0.50 0.49 -0.65 0.39 -0.80 -0.77 -0.53 -0.58 1.00 0.80 0.57 -0.02 0.08 -0.44 0.76 
mean_g3b 0.05 -0.04 -0.13 0.13 0.18 -0.11 0.03 0.14 0.19 -0.54 0.44 -0.47 -0.50 -0.49 -0.50 0.80 1.00 0.53 0.31 0.36 -0.12 0.50 
mean_j 0.07 -0.06 -0.07 0.07 0.27 -0.03 0.02 0.45 0.66 -0.06 0.91 -0.37 -0.41 -0.83 -0.84 0.57 0.53 1.00 -0.39 0.13 -0.66 0.17 
sigma_1 0.01 0.01 -0.24 0.24 0.20 0.01 -0.32 -0.75 -0.81 -0.16 -0.25 0.41 0.44 0.33 0.33 -0.02 0.31 -0.39 1.00 0.64 0.84 -0.17 
sigma_2 0.12 -0.05 -0.67 0.67 0.67 -0.07 -0.74 -0.40 -0.27 -0.32 0.24 0.26 0.23 -0.35 -0.33 0.08 0.36 0.13 0.64 1.00 0.35 -0.28 
sigma_3 -0.02 0.03 -0.12 0.12 0.05 0.08 -0.28 -0.93 -0.93 0.20 -0.48 0.70 0.73 0.60 0.62 -0.44 -0.12 -0.66 0.84 0.35 1.00 -0.45 
sigma_j -0.04 0.01 0.31 -0.31 -0.34 -0.08 0.58 0.68 0.46 -0.75 -0.06 -0.92 -0.90 -0.18 -0.23 0.76 0.50 0.17 -0.17 -0.28 -0.45 1.00 
