A_bkg 1.00 -0.17 -0.10 0.10 0.04 -0.08 -0.04 -0.05 -0.00 -0.05 0.06 -0.01 -0.02 -0.09 -0.09 -0.01 0.02 0.08 0.06 0.09 0.04 0.04 
A_sigD_blind -0.17 1.00 -0.01 0.01 0.01 0.01 -0.04 0.03 -0.02 0.06 -0.00 0.04 0.04 0.07 0.06 -0.00 -0.02 -0.02 -0.03 -0.04 -0.02 -0.06 
N_B -0.10 -0.01 1.00 -0.99 -0.41 0.58 0.78 0.14 0.24 -0.22 -0.47 -0.22 -0.21 0.12 0.15 0.14 0.07 -0.49 -0.27 -0.43 -0.21 0.25 
N_S 0.10 0.01 -0.99 1.00 0.41 -0.58 -0.78 -0.14 -0.24 0.22 0.47 0.22 0.21 -0.12 -0.15 -0.14 -0.07 0.49 0.27 0.43 0.21 -0.25 
b 0.04 0.01 -0.41 0.41 1.00 0.43 -0.61 -0.04 -0.37 0.30 0.69 0.42 0.41 0.02 -0.03 -0.23 -0.19 0.62 0.20 0.31 0.17 -0.41 
c -0.08 0.01 0.58 -0.58 0.43 1.00 0.14 0.14 -0.14 0.12 -0.05 0.17 0.18 0.30 0.29 -0.07 -0.11 -0.14 -0.10 -0.19 -0.06 -0.22 
delta_j -0.04 -0.04 0.78 -0.78 -0.61 0.14 1.00 -0.11 0.47 -0.72 -0.51 -0.60 -0.60 -0.41 -0.37 0.29 0.29 -0.40 -0.07 -0.12 -0.08 0.78 
frac_g1 -0.05 0.03 0.14 -0.14 -0.04 0.14 -0.11 1.00 0.51 0.42 -0.06 0.27 0.11 0.43 0.48 -0.01 -0.21 -0.18 -0.85 -0.60 -0.94 -0.38 
frac_g2 -0.00 -0.02 0.24 -0.24 -0.37 -0.14 0.47 0.51 1.00 -0.32 -0.23 -0.32 -0.46 -0.27 -0.18 0.25 0.10 -0.18 -0.73 -0.47 -0.73 0.43 
frac_j -0.05 0.06 -0.22 0.22 0.30 0.12 -0.72 0.42 -0.32 1.00 0.27 0.70 0.70 0.83 0.81 -0.28 -0.41 0.05 -0.38 -0.51 -0.24 -0.97 
gamma_j 0.06 -0.00 -0.47 0.47 0.69 -0.05 -0.51 -0.06 -0.23 0.27 1.00 0.42 0.40 -0.21 -0.25 -0.24 -0.21 0.95 0.13 0.24 0.12 -0.29 
mean_g1 -0.01 0.04 -0.22 0.22 0.42 0.17 -0.60 0.27 -0.32 0.70 0.42 1.00 0.61 0.40 0.44 -0.74 -0.35 0.30 -0.17 -0.20 -0.11 -0.72 
mean_g1b -0.02 0.04 -0.21 0.21 0.41 0.18 -0.60 0.11 -0.46 0.70 0.40 0.61 1.00 0.49 0.37 -0.30 -0.77 0.28 -0.04 -0.16 0.05 -0.73 
mean_g2 -0.09 0.07 0.12 -0.12 0.02 0.30 -0.41 0.43 -0.27 0.83 -0.21 0.40 0.49 1.00 0.97 -0.08 -0.28 -0.45 -0.39 -0.60 -0.26 -0.83 
mean_g2b -0.09 0.06 0.15 -0.15 -0.03 0.29 -0.37 0.48 -0.18 0.81 -0.25 0.44 0.37 0.97 1.00 -0.12 -0.21 -0.49 -0.46 -0.65 -0.33 -0.80 
mean_g3 -0.01 -0.00 0.14 -0.14 -0.23 -0.07 0.29 -0.01 0.25 -0.28 -0.24 -0.74 -0.30 -0.08 -0.12 1.00 0.15 -0.21 -0.06 -0.02 -0.07 0.30 
mean_g3b 0.02 -0.02 0.07 -0.07 -0.19 -0.11 0.29 -0.21 0.10 -0.41 -0.21 -0.35 -0.77 -0.28 -0.21 0.15 1.00 -0.14 0.19 0.21 0.14 0.41 
mean_j 0.08 -0.02 -0.49 0.49 0.62 -0.14 -0.40 -0.18 -0.18 0.05 0.95 0.30 0.28 -0.45 -0.49 -0.21 -0.14 1.00 0.25 0.40 0.20 -0.07 
sigma_1 0.06 -0.03 -0.27 0.27 0.20 -0.10 -0.07 -0.85 -0.73 -0.38 0.13 -0.17 -0.04 -0.39 -0.46 -0.06 0.19 0.25 1.00 0.86 0.92 0.27 
sigma_2 0.09 -0.04 -0.43 0.43 0.31 -0.19 -0.12 -0.60 -0.47 -0.51 0.24 -0.20 -0.16 -0.60 -0.65 -0.02 0.21 0.40 0.86 1.00 0.67 0.38 
sigma_3 0.04 -0.02 -0.21 0.21 0.17 -0.06 -0.08 -0.94 -0.73 -0.24 0.12 -0.11 0.05 -0.26 -0.33 -0.07 0.14 0.20 0.92 0.67 1.00 0.16 
sigma_j 0.04 -0.06 0.25 -0.25 -0.41 -0.22 0.78 -0.38 0.43 -0.97 -0.29 -0.72 -0.73 -0.83 -0.80 0.30 0.41 -0.07 0.27 0.38 0.16 1.00 
