A_bkg 1.00 -0.15 -0.04 0.04 -0.02 -0.04 -0.02 0.00 0.01 -0.01 0.00 -0.00 -0.01 -0.02 -0.01 -0.03 0.01 -0.00 -0.01 0.01 -0.01 0.00 
A_sigD_blind -0.15 1.00 -0.02 0.02 -0.01 -0.01 -0.03 -0.02 -0.02 0.02 -0.00 0.03 0.03 0.03 0.02 0.02 -0.01 -0.01 0.02 0.02 0.01 -0.03 
N_B -0.04 -0.02 1.00 -0.97 0.47 0.82 0.85 0.33 0.32 -0.26 0.02 -0.55 -0.56 -0.29 -0.28 -0.01 0.01 0.30 -0.27 -0.52 -0.19 0.56 
N_S 0.04 0.02 -0.97 1.00 -0.47 -0.81 -0.83 -0.32 -0.32 0.26 -0.02 0.55 0.55 0.28 0.28 0.01 -0.01 -0.30 0.26 0.51 0.19 -0.55 
b -0.02 -0.01 0.47 -0.47 1.00 0.84 0.19 0.12 0.13 0.17 0.37 -0.04 -0.05 -0.14 -0.14 0.24 0.25 0.37 -0.17 -0.21 -0.19 -0.03 
c -0.04 -0.01 0.82 -0.81 0.84 1.00 0.56 0.20 0.17 -0.06 0.09 -0.28 -0.29 -0.14 -0.13 0.07 0.08 0.25 -0.18 -0.36 -0.14 0.29 
delta_j -0.02 -0.03 0.85 -0.83 0.19 0.56 1.00 0.40 0.46 -0.66 -0.16 -0.85 -0.85 -0.48 -0.48 -0.25 -0.24 0.22 -0.27 -0.45 -0.15 0.90 
frac_g1 0.00 -0.02 0.33 -0.32 0.12 0.20 0.40 1.00 0.79 -0.17 0.21 -0.61 -0.62 -0.61 -0.61 -0.19 -0.18 0.40 -0.84 -0.59 -0.88 0.33 
frac_g2 0.01 -0.02 0.32 -0.32 0.13 0.17 0.46 0.79 1.00 -0.22 0.41 -0.76 -0.77 -0.93 -0.93 -0.02 -0.01 0.67 -0.94 -0.74 -0.85 0.41 
frac_j -0.01 0.02 -0.26 0.26 0.17 -0.06 -0.66 -0.17 -0.22 1.00 0.53 0.73 0.71 0.31 0.31 0.63 0.64 0.28 -0.08 -0.16 -0.20 -0.92 
gamma_j 0.00 -0.00 0.02 -0.02 0.37 0.09 -0.16 0.21 0.41 0.53 1.00 0.03 0.02 -0.49 -0.49 0.63 0.62 0.90 -0.49 -0.35 -0.53 -0.35 
mean_g1 -0.00 0.03 -0.55 0.55 -0.04 -0.28 -0.85 -0.61 -0.76 0.73 0.03 1.00 0.99 0.76 0.76 0.25 0.30 -0.32 0.54 0.51 0.41 -0.89 
mean_g1b -0.01 0.03 -0.56 0.55 -0.05 -0.29 -0.85 -0.62 -0.77 0.71 0.02 0.99 1.00 0.77 0.75 0.30 0.23 -0.34 0.56 0.52 0.42 -0.88 
mean_g2 -0.02 0.03 -0.29 0.28 -0.14 -0.14 -0.48 -0.61 -0.93 0.31 -0.49 0.76 0.77 1.00 0.99 0.01 -0.01 -0.74 0.80 0.57 0.68 -0.48 
mean_g2b -0.01 0.02 -0.28 0.28 -0.14 -0.13 -0.48 -0.61 -0.93 0.31 -0.49 0.76 0.75 0.99 1.00 -0.01 0.01 -0.74 0.79 0.56 0.68 -0.48 
mean_g3 -0.03 0.02 -0.01 0.01 0.24 0.07 -0.25 -0.19 -0.02 0.63 0.63 0.25 0.30 0.01 -0.01 1.00 0.68 0.52 -0.09 -0.26 -0.13 -0.47 
mean_g3b 0.01 -0.01 0.01 -0.01 0.25 0.08 -0.24 -0.18 -0.01 0.64 0.62 0.30 0.23 -0.01 0.01 0.68 1.00 0.51 -0.10 -0.29 -0.14 -0.47 
mean_j -0.00 -0.01 0.30 -0.30 0.37 0.25 0.22 0.40 0.67 0.28 0.90 -0.32 -0.34 -0.74 -0.74 0.52 0.51 1.00 -0.67 -0.59 -0.65 -0.00 
sigma_1 -0.01 0.02 -0.27 0.26 -0.17 -0.18 -0.27 -0.84 -0.94 -0.08 -0.49 0.54 0.56 0.80 0.79 -0.09 -0.10 -0.67 1.00 0.81 0.96 -0.14 
sigma_2 0.01 0.02 -0.52 0.51 -0.21 -0.36 -0.45 -0.59 -0.74 -0.16 -0.35 0.51 0.52 0.57 0.56 -0.26 -0.29 -0.59 0.81 1.00 0.73 -0.17 
sigma_3 -0.01 0.01 -0.19 0.19 -0.19 -0.14 -0.15 -0.88 -0.85 -0.20 -0.53 0.41 0.42 0.68 0.68 -0.13 -0.14 -0.65 0.96 0.73 1.00 -0.00 
sigma_j 0.00 -0.03 0.56 -0.55 -0.03 0.29 0.90 0.33 0.41 -0.92 -0.35 -0.89 -0.88 -0.48 -0.48 -0.47 -0.47 -0.00 -0.14 -0.17 -0.00 1.00 
