A_bkg 1.00 -0.16 -0.06 0.06 0.01 -0.04 -0.05 0.02 0.04 0.01 0.04 0.00 -0.01 -0.07 -0.05 -0.00 0.03 0.04 -0.03 0.02 -0.03 -0.03 
A_sigD_blind -0.16 1.00 0.00 -0.00 -0.01 0.00 0.00 -0.02 -0.03 -0.01 -0.03 0.01 0.02 0.04 0.03 -0.01 -0.03 -0.03 0.03 0.01 0.03 0.00 
N_B -0.06 0.00 1.00 -0.98 0.24 0.79 0.88 0.26 0.09 0.07 0.07 -0.32 -0.30 0.04 0.02 0.27 0.16 0.23 -0.16 -0.53 -0.15 0.41 
N_S 0.06 -0.00 -0.98 1.00 -0.24 -0.78 -0.87 -0.26 -0.09 -0.07 -0.07 0.32 0.30 -0.04 -0.02 -0.27 -0.16 -0.22 0.16 0.52 0.14 -0.40 
b 0.01 -0.01 0.24 -0.24 1.00 0.71 0.03 0.10 0.16 0.21 0.44 0.04 0.02 -0.23 -0.22 0.23 0.28 0.35 -0.16 0.00 -0.21 -0.16 
c -0.04 0.00 0.79 -0.78 0.71 1.00 0.56 0.13 0.01 0.13 0.10 -0.08 -0.07 0.07 0.06 0.16 0.12 0.15 -0.09 -0.29 -0.09 0.15 
delta_j -0.05 0.00 0.88 -0.87 0.03 0.56 1.00 0.36 0.21 -0.26 0.02 -0.66 -0.63 -0.10 -0.13 0.32 0.16 0.25 -0.16 -0.54 -0.13 0.75 
frac_g1 0.02 -0.02 0.26 -0.26 0.10 0.13 0.36 1.00 0.84 0.05 0.44 -0.65 -0.68 -0.62 -0.63 0.14 0.08 0.56 -0.86 -0.62 -0.90 0.25 
frac_g2 0.04 -0.03 0.09 -0.09 0.16 0.01 0.21 0.84 1.00 0.10 0.64 -0.66 -0.70 -0.90 -0.90 0.33 0.31 0.76 -0.93 -0.64 -0.90 0.16 
frac_j 0.01 -0.01 0.07 -0.07 0.21 0.13 -0.26 0.05 0.10 1.00 0.45 0.53 0.51 -0.04 -0.03 0.20 0.31 0.36 -0.37 -0.35 -0.40 -0.81 
gamma_j 0.04 -0.03 0.07 -0.07 0.44 0.10 0.02 0.44 0.64 0.45 1.00 -0.24 -0.27 -0.78 -0.78 0.66 0.72 0.95 -0.58 -0.27 -0.66 -0.19 
mean_g1 0.00 0.01 -0.32 0.32 0.04 -0.08 -0.66 -0.65 -0.66 0.53 -0.24 1.00 0.98 0.59 0.62 -0.38 -0.17 -0.44 0.44 0.46 0.42 -0.82 
mean_g1b -0.01 0.02 -0.30 0.30 0.02 -0.07 -0.63 -0.68 -0.70 0.51 -0.27 0.98 1.00 0.64 0.65 -0.32 -0.24 -0.48 0.48 0.46 0.46 -0.80 
mean_g2 -0.07 0.04 0.04 -0.04 -0.23 0.07 -0.10 -0.62 -0.90 -0.04 -0.78 0.59 0.64 1.00 0.99 -0.46 -0.50 -0.86 0.73 0.36 0.73 -0.15 
mean_g2b -0.05 0.03 0.02 -0.02 -0.22 0.06 -0.13 -0.63 -0.90 -0.03 -0.78 0.62 0.65 0.99 1.00 -0.50 -0.48 -0.87 0.73 0.37 0.73 -0.18 
mean_g3 -0.00 -0.01 0.27 -0.27 0.23 0.16 0.32 0.14 0.33 0.20 0.66 -0.38 -0.32 -0.46 -0.50 1.00 0.71 0.70 -0.20 -0.28 -0.26 0.13 
mean_g3b 0.03 -0.03 0.16 -0.16 0.28 0.12 0.16 0.08 0.31 0.31 0.72 -0.17 -0.24 -0.50 -0.48 0.71 1.00 0.72 -0.20 -0.19 -0.27 -0.04 
mean_j 0.04 -0.03 0.23 -0.22 0.35 0.15 0.25 0.56 0.76 0.36 0.95 -0.44 -0.48 -0.86 -0.87 0.70 0.72 1.00 -0.67 -0.45 -0.73 0.01 
sigma_1 -0.03 0.03 -0.16 0.16 -0.16 -0.09 -0.16 -0.86 -0.93 -0.37 -0.58 0.44 0.48 0.73 0.73 -0.20 -0.20 -0.67 1.00 0.75 0.96 0.07 
sigma_2 0.02 0.01 -0.53 0.52 0.00 -0.29 -0.54 -0.62 -0.64 -0.35 -0.27 0.46 0.46 0.36 0.37 -0.28 -0.19 -0.45 0.75 1.00 0.66 -0.15 
sigma_3 -0.03 0.03 -0.15 0.14 -0.21 -0.09 -0.13 -0.90 -0.90 -0.40 -0.66 0.42 0.46 0.73 0.73 -0.26 -0.27 -0.73 0.96 0.66 1.00 0.10 
sigma_j -0.03 0.00 0.41 -0.40 -0.16 0.15 0.75 0.25 0.16 -0.81 -0.19 -0.82 -0.80 -0.15 -0.18 0.13 -0.04 0.01 0.07 -0.15 0.10 1.00 
